002
003
005
010
017
018
021
022
029
030
032
033
035
037
040
042
045
049
053
054
062
064
065
066
068
070
074
077
086
089
091
093
097
098
099
100
101
104
112
121
124
128
129
134
135
138
141
145
150
152
154
155
157
158
161
184
197
205
206
211
213
215
216
217
218
219
222
226
229
232
234
237
239
243
244
245
248
253
255
256
259
260
263
264
267
270
271
272
273
276
279
281
282
283
285
286
289
292
294
297
299
300
306
307
309
311
314
315
320
325
327
328
329
330
332
335
336
337
341
345
347
348
349
350
353
355
357
367
368
369
370
377
380
391
393
396
397
399
404
415
416
419
420
422
423
424
426
428
429
439
447
450
454
455
468
472
474
480
491
497
498
506
515
523
527
528
532
536
544
551
552
554
556
559
560
563
565
566
567
571
576
581
582
591
592
599
607
608
611
613
614
616
617
622
628
633
638
640
641
642
643
651
653
655
688
703
729
731
733
761
764
765
769
776
